{
 "cells": [
  {
   "cell_type": "code",
   "execution_count": 96,
   "id": "b2f6eea0-5228-4dc0-be2e-27250da99767",
   "metadata": {},
   "outputs": [
    {
     "data": {
      "text/html": [
       "<div>\n",
       "<style scoped>\n",
       "    .dataframe tbody tr th:only-of-type {\n",
       "        vertical-align: middle;\n",
       "    }\n",
       "\n",
       "    .dataframe tbody tr th {\n",
       "        vertical-align: top;\n",
       "    }\n",
       "\n",
       "    .dataframe thead th {\n",
       "        text-align: right;\n",
       "    }\n",
       "</style>\n",
       "<table border=\"1\" class=\"dataframe\">\n",
       "  <thead>\n",
       "    <tr style=\"text-align: right;\">\n",
       "      <th></th>\n",
       "      <th>symboling</th>\n",
       "      <th>normalized-losses</th>\n",
       "      <th>make</th>\n",
       "      <th>aspiration</th>\n",
       "      <th>num-of-doors</th>\n",
       "      <th>body-style</th>\n",
       "      <th>drive-wheels</th>\n",
       "      <th>engine-location</th>\n",
       "      <th>wheel-base</th>\n",
       "      <th>length</th>\n",
       "      <th>...</th>\n",
       "      <th>compression-ratio</th>\n",
       "      <th>horsepower</th>\n",
       "      <th>peak-rpm</th>\n",
       "      <th>city-mpg</th>\n",
       "      <th>highway-mpg</th>\n",
       "      <th>price</th>\n",
       "      <th>city-L/100km</th>\n",
       "      <th>horsepower-binned</th>\n",
       "      <th>diesel</th>\n",
       "      <th>gas</th>\n",
       "    </tr>\n",
       "  </thead>\n",
       "  <tbody>\n",
       "    <tr>\n",
       "      <th>0</th>\n",
       "      <td>3</td>\n",
       "      <td>122</td>\n",
       "      <td>alfa-romero</td>\n",
       "      <td>std</td>\n",
       "      <td>two</td>\n",
       "      <td>convertible</td>\n",
       "      <td>rwd</td>\n",
       "      <td>front</td>\n",
       "      <td>88.6</td>\n",
       "      <td>0.811148</td>\n",
       "      <td>...</td>\n",
       "      <td>9.0</td>\n",
       "      <td>111.0</td>\n",
       "      <td>5000.0</td>\n",
       "      <td>21</td>\n",
       "      <td>27</td>\n",
       "      <td>13495.0</td>\n",
       "      <td>11.190476</td>\n",
       "      <td>Medium</td>\n",
       "      <td>0</td>\n",
       "      <td>1</td>\n",
       "    </tr>\n",
       "    <tr>\n",
       "      <th>1</th>\n",
       "      <td>3</td>\n",
       "      <td>122</td>\n",
       "      <td>alfa-romero</td>\n",
       "      <td>std</td>\n",
       "      <td>two</td>\n",
       "      <td>convertible</td>\n",
       "      <td>rwd</td>\n",
       "      <td>front</td>\n",
       "      <td>88.6</td>\n",
       "      <td>0.811148</td>\n",
       "      <td>...</td>\n",
       "      <td>9.0</td>\n",
       "      <td>111.0</td>\n",
       "      <td>5000.0</td>\n",
       "      <td>21</td>\n",
       "      <td>27</td>\n",
       "      <td>16500.0</td>\n",
       "      <td>11.190476</td>\n",
       "      <td>Medium</td>\n",
       "      <td>0</td>\n",
       "      <td>1</td>\n",
       "    </tr>\n",
       "    <tr>\n",
       "      <th>2</th>\n",
       "      <td>1</td>\n",
       "      <td>122</td>\n",
       "      <td>alfa-romero</td>\n",
       "      <td>std</td>\n",
       "      <td>two</td>\n",
       "      <td>hatchback</td>\n",
       "      <td>rwd</td>\n",
       "      <td>front</td>\n",
       "      <td>94.5</td>\n",
       "      <td>0.822681</td>\n",
       "      <td>...</td>\n",
       "      <td>9.0</td>\n",
       "      <td>154.0</td>\n",
       "      <td>5000.0</td>\n",
       "      <td>19</td>\n",
       "      <td>26</td>\n",
       "      <td>16500.0</td>\n",
       "      <td>12.368421</td>\n",
       "      <td>Medium</td>\n",
       "      <td>0</td>\n",
       "      <td>1</td>\n",
       "    </tr>\n",
       "  </tbody>\n",
       "</table>\n",
       "<p>3 rows × 29 columns</p>\n",
       "</div>"
      ],
      "text/plain": [
       "   symboling  normalized-losses         make aspiration num-of-doors  \\\n",
       "0          3                122  alfa-romero        std          two   \n",
       "1          3                122  alfa-romero        std          two   \n",
       "2          1                122  alfa-romero        std          two   \n",
       "\n",
       "    body-style drive-wheels engine-location  wheel-base    length  ...  \\\n",
       "0  convertible          rwd           front        88.6  0.811148  ...   \n",
       "1  convertible          rwd           front        88.6  0.811148  ...   \n",
       "2    hatchback          rwd           front        94.5  0.822681  ...   \n",
       "\n",
       "   compression-ratio  horsepower  peak-rpm city-mpg highway-mpg    price  \\\n",
       "0                9.0       111.0    5000.0       21          27  13495.0   \n",
       "1                9.0       111.0    5000.0       21          27  16500.0   \n",
       "2                9.0       154.0    5000.0       19          26  16500.0   \n",
       "\n",
       "  city-L/100km  horsepower-binned  diesel  gas  \n",
       "0    11.190476             Medium       0    1  \n",
       "1    11.190476             Medium       0    1  \n",
       "2    12.368421             Medium       0    1  \n",
       "\n",
       "[3 rows x 29 columns]"
      ]
     },
     "execution_count": 96,
     "metadata": {},
     "output_type": "execute_result"
    }
   ],
   "source": [
    "import pandas as pd\n",
    "import numpy as np\n",
    "# Step 2: Load the CSV file\n",
    "df = pd.read_csv('/Users/zahranazemian/Desktop/Python/cars.csv')\n",
    "df.head(3)"
   ]
  },
  {
   "cell_type": "code",
   "execution_count": 98,
   "id": "8ae7c8d7-819e-49d4-b103-cbef0ba108d8",
   "metadata": {},
   "outputs": [
    {
     "name": "stdout",
     "output_type": "stream",
     "text": [
      "<class 'pandas.core.frame.DataFrame'>\n",
      "RangeIndex: 201 entries, 0 to 200\n",
      "Data columns (total 29 columns):\n",
      " #   Column             Non-Null Count  Dtype  \n",
      "---  ------             --------------  -----  \n",
      " 0   symboling          201 non-null    int64  \n",
      " 1   normalized-losses  201 non-null    int64  \n",
      " 2   make               201 non-null    object \n",
      " 3   aspiration         201 non-null    object \n",
      " 4   num-of-doors       201 non-null    object \n",
      " 5   body-style         201 non-null    object \n",
      " 6   drive-wheels       201 non-null    object \n",
      " 7   engine-location    201 non-null    object \n",
      " 8   wheel-base         201 non-null    float64\n",
      " 9   length             201 non-null    float64\n",
      " 10  width              201 non-null    float64\n",
      " 11  height             201 non-null    float64\n",
      " 12  curb-weight        201 non-null    int64  \n",
      " 13  engine-type        201 non-null    object \n",
      " 14  num-of-cylinders   201 non-null    object \n",
      " 15  engine-size        201 non-null    int64  \n",
      " 16  fuel-system        201 non-null    object \n",
      " 17  bore               201 non-null    float64\n",
      " 18  stroke             197 non-null    float64\n",
      " 19  compression-ratio  201 non-null    float64\n",
      " 20  horsepower         201 non-null    float64\n",
      " 21  peak-rpm           201 non-null    float64\n",
      " 22  city-mpg           201 non-null    int64  \n",
      " 23  highway-mpg        201 non-null    int64  \n",
      " 24  price              201 non-null    float64\n",
      " 25  city-L/100km       201 non-null    float64\n",
      " 26  horsepower-binned  200 non-null    object \n",
      " 27  diesel             201 non-null    int64  \n",
      " 28  gas                201 non-null    int64  \n",
      "dtypes: float64(11), int64(8), object(10)\n",
      "memory usage: 45.7+ KB\n",
      "None\n"
     ]
    }
   ],
   "source": [
    "print(df.info())"
   ]
  },
  {
   "cell_type": "code",
   "execution_count": 99,
   "id": "4253b858-bdc2-4919-b906-742186e0fb38",
   "metadata": {},
   "outputs": [
    {
     "data": {
      "text/html": [
       "<div>\n",
       "<style scoped>\n",
       "    .dataframe tbody tr th:only-of-type {\n",
       "        vertical-align: middle;\n",
       "    }\n",
       "\n",
       "    .dataframe tbody tr th {\n",
       "        vertical-align: top;\n",
       "    }\n",
       "\n",
       "    .dataframe thead th {\n",
       "        text-align: right;\n",
       "    }\n",
       "</style>\n",
       "<table border=\"1\" class=\"dataframe\">\n",
       "  <thead>\n",
       "    <tr style=\"text-align: right;\">\n",
       "      <th></th>\n",
       "      <th>symboling</th>\n",
       "      <th>normalized-losses</th>\n",
       "      <th>wheel-base</th>\n",
       "      <th>length</th>\n",
       "      <th>width</th>\n",
       "      <th>height</th>\n",
       "      <th>curb-weight</th>\n",
       "      <th>engine-size</th>\n",
       "      <th>bore</th>\n",
       "      <th>stroke</th>\n",
       "      <th>compression-ratio</th>\n",
       "      <th>horsepower</th>\n",
       "      <th>peak-rpm</th>\n",
       "      <th>city-mpg</th>\n",
       "      <th>highway-mpg</th>\n",
       "      <th>price</th>\n",
       "      <th>city-L/100km</th>\n",
       "      <th>diesel</th>\n",
       "      <th>gas</th>\n",
       "    </tr>\n",
       "  </thead>\n",
       "  <tbody>\n",
       "    <tr>\n",
       "      <th>symboling</th>\n",
       "      <td>1.000000</td>\n",
       "      <td>0.466264</td>\n",
       "      <td>-0.535987</td>\n",
       "      <td>-0.365404</td>\n",
       "      <td>-0.242423</td>\n",
       "      <td>-0.550160</td>\n",
       "      <td>-0.233118</td>\n",
       "      <td>-0.110581</td>\n",
       "      <td>-0.140019</td>\n",
       "      <td>-0.008245</td>\n",
       "      <td>-0.182196</td>\n",
       "      <td>0.075819</td>\n",
       "      <td>0.279740</td>\n",
       "      <td>-0.035527</td>\n",
       "      <td>0.036233</td>\n",
       "      <td>-0.082391</td>\n",
       "      <td>0.066171</td>\n",
       "      <td>-0.196735</td>\n",
       "      <td>0.196735</td>\n",
       "    </tr>\n",
       "    <tr>\n",
       "      <th>normalized-losses</th>\n",
       "      <td>0.466264</td>\n",
       "      <td>1.000000</td>\n",
       "      <td>-0.056661</td>\n",
       "      <td>0.019424</td>\n",
       "      <td>0.086802</td>\n",
       "      <td>-0.373737</td>\n",
       "      <td>0.099404</td>\n",
       "      <td>0.112360</td>\n",
       "      <td>-0.029862</td>\n",
       "      <td>0.055563</td>\n",
       "      <td>-0.114713</td>\n",
       "      <td>0.217299</td>\n",
       "      <td>0.239543</td>\n",
       "      <td>-0.225016</td>\n",
       "      <td>-0.181877</td>\n",
       "      <td>0.133999</td>\n",
       "      <td>0.238567</td>\n",
       "      <td>-0.101546</td>\n",
       "      <td>0.101546</td>\n",
       "    </tr>\n",
       "    <tr>\n",
       "      <th>wheel-base</th>\n",
       "      <td>-0.535987</td>\n",
       "      <td>-0.056661</td>\n",
       "      <td>1.000000</td>\n",
       "      <td>0.876024</td>\n",
       "      <td>0.814507</td>\n",
       "      <td>0.590742</td>\n",
       "      <td>0.782097</td>\n",
       "      <td>0.572027</td>\n",
       "      <td>0.493244</td>\n",
       "      <td>0.158502</td>\n",
       "      <td>0.250313</td>\n",
       "      <td>0.371147</td>\n",
       "      <td>-0.360305</td>\n",
       "      <td>-0.470606</td>\n",
       "      <td>-0.543304</td>\n",
       "      <td>0.584642</td>\n",
       "      <td>0.476153</td>\n",
       "      <td>0.307237</td>\n",
       "      <td>-0.307237</td>\n",
       "    </tr>\n",
       "    <tr>\n",
       "      <th>length</th>\n",
       "      <td>-0.365404</td>\n",
       "      <td>0.019424</td>\n",
       "      <td>0.876024</td>\n",
       "      <td>1.000000</td>\n",
       "      <td>0.857170</td>\n",
       "      <td>0.492063</td>\n",
       "      <td>0.880665</td>\n",
       "      <td>0.685025</td>\n",
       "      <td>0.608971</td>\n",
       "      <td>0.124139</td>\n",
       "      <td>0.159733</td>\n",
       "      <td>0.579821</td>\n",
       "      <td>-0.285970</td>\n",
       "      <td>-0.665192</td>\n",
       "      <td>-0.698142</td>\n",
       "      <td>0.690628</td>\n",
       "      <td>0.657373</td>\n",
       "      <td>0.211187</td>\n",
       "      <td>-0.211187</td>\n",
       "    </tr>\n",
       "    <tr>\n",
       "      <th>width</th>\n",
       "      <td>-0.242423</td>\n",
       "      <td>0.086802</td>\n",
       "      <td>0.814507</td>\n",
       "      <td>0.857170</td>\n",
       "      <td>1.000000</td>\n",
       "      <td>0.306002</td>\n",
       "      <td>0.866201</td>\n",
       "      <td>0.729436</td>\n",
       "      <td>0.544885</td>\n",
       "      <td>0.188829</td>\n",
       "      <td>0.189867</td>\n",
       "      <td>0.615077</td>\n",
       "      <td>-0.245800</td>\n",
       "      <td>-0.633531</td>\n",
       "      <td>-0.680635</td>\n",
       "      <td>0.751265</td>\n",
       "      <td>0.673363</td>\n",
       "      <td>0.244356</td>\n",
       "      <td>-0.244356</td>\n",
       "    </tr>\n",
       "    <tr>\n",
       "      <th>height</th>\n",
       "      <td>-0.550160</td>\n",
       "      <td>-0.373737</td>\n",
       "      <td>0.590742</td>\n",
       "      <td>0.492063</td>\n",
       "      <td>0.306002</td>\n",
       "      <td>1.000000</td>\n",
       "      <td>0.307581</td>\n",
       "      <td>0.074694</td>\n",
       "      <td>0.180449</td>\n",
       "      <td>-0.062704</td>\n",
       "      <td>0.259737</td>\n",
       "      <td>-0.087027</td>\n",
       "      <td>-0.309974</td>\n",
       "      <td>-0.049800</td>\n",
       "      <td>-0.104812</td>\n",
       "      <td>0.135486</td>\n",
       "      <td>0.003811</td>\n",
       "      <td>0.281578</td>\n",
       "      <td>-0.281578</td>\n",
       "    </tr>\n",
       "    <tr>\n",
       "      <th>curb-weight</th>\n",
       "      <td>-0.233118</td>\n",
       "      <td>0.099404</td>\n",
       "      <td>0.782097</td>\n",
       "      <td>0.880665</td>\n",
       "      <td>0.866201</td>\n",
       "      <td>0.307581</td>\n",
       "      <td>1.000000</td>\n",
       "      <td>0.849072</td>\n",
       "      <td>0.644060</td>\n",
       "      <td>0.167562</td>\n",
       "      <td>0.156433</td>\n",
       "      <td>0.757976</td>\n",
       "      <td>-0.279361</td>\n",
       "      <td>-0.749543</td>\n",
       "      <td>-0.794889</td>\n",
       "      <td>0.834415</td>\n",
       "      <td>0.785353</td>\n",
       "      <td>0.221046</td>\n",
       "      <td>-0.221046</td>\n",
       "    </tr>\n",
       "    <tr>\n",
       "      <th>engine-size</th>\n",
       "      <td>-0.110581</td>\n",
       "      <td>0.112360</td>\n",
       "      <td>0.572027</td>\n",
       "      <td>0.685025</td>\n",
       "      <td>0.729436</td>\n",
       "      <td>0.074694</td>\n",
       "      <td>0.849072</td>\n",
       "      <td>1.000000</td>\n",
       "      <td>0.572609</td>\n",
       "      <td>0.209523</td>\n",
       "      <td>0.028889</td>\n",
       "      <td>0.822676</td>\n",
       "      <td>-0.256733</td>\n",
       "      <td>-0.650546</td>\n",
       "      <td>-0.679571</td>\n",
       "      <td>0.872335</td>\n",
       "      <td>0.745059</td>\n",
       "      <td>0.070779</td>\n",
       "      <td>-0.070779</td>\n",
       "    </tr>\n",
       "    <tr>\n",
       "      <th>bore</th>\n",
       "      <td>-0.140019</td>\n",
       "      <td>-0.029862</td>\n",
       "      <td>0.493244</td>\n",
       "      <td>0.608971</td>\n",
       "      <td>0.544885</td>\n",
       "      <td>0.180449</td>\n",
       "      <td>0.644060</td>\n",
       "      <td>0.572609</td>\n",
       "      <td>1.000000</td>\n",
       "      <td>-0.055390</td>\n",
       "      <td>0.001263</td>\n",
       "      <td>0.566936</td>\n",
       "      <td>-0.267392</td>\n",
       "      <td>-0.582027</td>\n",
       "      <td>-0.591309</td>\n",
       "      <td>0.543155</td>\n",
       "      <td>0.554610</td>\n",
       "      <td>0.054458</td>\n",
       "      <td>-0.054458</td>\n",
       "    </tr>\n",
       "    <tr>\n",
       "      <th>stroke</th>\n",
       "      <td>-0.008245</td>\n",
       "      <td>0.055563</td>\n",
       "      <td>0.158502</td>\n",
       "      <td>0.124139</td>\n",
       "      <td>0.188829</td>\n",
       "      <td>-0.062704</td>\n",
       "      <td>0.167562</td>\n",
       "      <td>0.209523</td>\n",
       "      <td>-0.055390</td>\n",
       "      <td>1.000000</td>\n",
       "      <td>0.187923</td>\n",
       "      <td>0.098462</td>\n",
       "      <td>-0.065713</td>\n",
       "      <td>-0.034696</td>\n",
       "      <td>-0.035201</td>\n",
       "      <td>0.082310</td>\n",
       "      <td>0.037300</td>\n",
       "      <td>0.241303</td>\n",
       "      <td>-0.241303</td>\n",
       "    </tr>\n",
       "    <tr>\n",
       "      <th>compression-ratio</th>\n",
       "      <td>-0.182196</td>\n",
       "      <td>-0.114713</td>\n",
       "      <td>0.250313</td>\n",
       "      <td>0.159733</td>\n",
       "      <td>0.189867</td>\n",
       "      <td>0.259737</td>\n",
       "      <td>0.156433</td>\n",
       "      <td>0.028889</td>\n",
       "      <td>0.001263</td>\n",
       "      <td>0.187923</td>\n",
       "      <td>1.000000</td>\n",
       "      <td>-0.214514</td>\n",
       "      <td>-0.435780</td>\n",
       "      <td>0.331425</td>\n",
       "      <td>0.268465</td>\n",
       "      <td>0.071107</td>\n",
       "      <td>-0.299372</td>\n",
       "      <td>0.985231</td>\n",
       "      <td>-0.985231</td>\n",
       "    </tr>\n",
       "    <tr>\n",
       "      <th>horsepower</th>\n",
       "      <td>0.075819</td>\n",
       "      <td>0.217299</td>\n",
       "      <td>0.371147</td>\n",
       "      <td>0.579821</td>\n",
       "      <td>0.615077</td>\n",
       "      <td>-0.087027</td>\n",
       "      <td>0.757976</td>\n",
       "      <td>0.822676</td>\n",
       "      <td>0.566936</td>\n",
       "      <td>0.098462</td>\n",
       "      <td>-0.214514</td>\n",
       "      <td>1.000000</td>\n",
       "      <td>0.107885</td>\n",
       "      <td>-0.822214</td>\n",
       "      <td>-0.804575</td>\n",
       "      <td>0.809575</td>\n",
       "      <td>0.889488</td>\n",
       "      <td>-0.169053</td>\n",
       "      <td>0.169053</td>\n",
       "    </tr>\n",
       "    <tr>\n",
       "      <th>peak-rpm</th>\n",
       "      <td>0.279740</td>\n",
       "      <td>0.239543</td>\n",
       "      <td>-0.360305</td>\n",
       "      <td>-0.285970</td>\n",
       "      <td>-0.245800</td>\n",
       "      <td>-0.309974</td>\n",
       "      <td>-0.279361</td>\n",
       "      <td>-0.256733</td>\n",
       "      <td>-0.267392</td>\n",
       "      <td>-0.065713</td>\n",
       "      <td>-0.435780</td>\n",
       "      <td>0.107885</td>\n",
       "      <td>1.000000</td>\n",
       "      <td>-0.115413</td>\n",
       "      <td>-0.058598</td>\n",
       "      <td>-0.101616</td>\n",
       "      <td>0.115830</td>\n",
       "      <td>-0.475812</td>\n",
       "      <td>0.475812</td>\n",
       "    </tr>\n",
       "    <tr>\n",
       "      <th>city-mpg</th>\n",
       "      <td>-0.035527</td>\n",
       "      <td>-0.225016</td>\n",
       "      <td>-0.470606</td>\n",
       "      <td>-0.665192</td>\n",
       "      <td>-0.633531</td>\n",
       "      <td>-0.049800</td>\n",
       "      <td>-0.749543</td>\n",
       "      <td>-0.650546</td>\n",
       "      <td>-0.582027</td>\n",
       "      <td>-0.034696</td>\n",
       "      <td>0.331425</td>\n",
       "      <td>-0.822214</td>\n",
       "      <td>-0.115413</td>\n",
       "      <td>1.000000</td>\n",
       "      <td>0.972044</td>\n",
       "      <td>-0.686571</td>\n",
       "      <td>-0.949713</td>\n",
       "      <td>0.265676</td>\n",
       "      <td>-0.265676</td>\n",
       "    </tr>\n",
       "    <tr>\n",
       "      <th>highway-mpg</th>\n",
       "      <td>0.036233</td>\n",
       "      <td>-0.181877</td>\n",
       "      <td>-0.543304</td>\n",
       "      <td>-0.698142</td>\n",
       "      <td>-0.680635</td>\n",
       "      <td>-0.104812</td>\n",
       "      <td>-0.794889</td>\n",
       "      <td>-0.679571</td>\n",
       "      <td>-0.591309</td>\n",
       "      <td>-0.035201</td>\n",
       "      <td>0.268465</td>\n",
       "      <td>-0.804575</td>\n",
       "      <td>-0.058598</td>\n",
       "      <td>0.972044</td>\n",
       "      <td>1.000000</td>\n",
       "      <td>-0.704692</td>\n",
       "      <td>-0.930028</td>\n",
       "      <td>0.198690</td>\n",
       "      <td>-0.198690</td>\n",
       "    </tr>\n",
       "    <tr>\n",
       "      <th>price</th>\n",
       "      <td>-0.082391</td>\n",
       "      <td>0.133999</td>\n",
       "      <td>0.584642</td>\n",
       "      <td>0.690628</td>\n",
       "      <td>0.751265</td>\n",
       "      <td>0.135486</td>\n",
       "      <td>0.834415</td>\n",
       "      <td>0.872335</td>\n",
       "      <td>0.543155</td>\n",
       "      <td>0.082310</td>\n",
       "      <td>0.071107</td>\n",
       "      <td>0.809575</td>\n",
       "      <td>-0.101616</td>\n",
       "      <td>-0.686571</td>\n",
       "      <td>-0.704692</td>\n",
       "      <td>1.000000</td>\n",
       "      <td>0.789898</td>\n",
       "      <td>0.110326</td>\n",
       "      <td>-0.110326</td>\n",
       "    </tr>\n",
       "    <tr>\n",
       "      <th>city-L/100km</th>\n",
       "      <td>0.066171</td>\n",
       "      <td>0.238567</td>\n",
       "      <td>0.476153</td>\n",
       "      <td>0.657373</td>\n",
       "      <td>0.673363</td>\n",
       "      <td>0.003811</td>\n",
       "      <td>0.785353</td>\n",
       "      <td>0.745059</td>\n",
       "      <td>0.554610</td>\n",
       "      <td>0.037300</td>\n",
       "      <td>-0.299372</td>\n",
       "      <td>0.889488</td>\n",
       "      <td>0.115830</td>\n",
       "      <td>-0.949713</td>\n",
       "      <td>-0.930028</td>\n",
       "      <td>0.789898</td>\n",
       "      <td>1.000000</td>\n",
       "      <td>-0.241282</td>\n",
       "      <td>0.241282</td>\n",
       "    </tr>\n",
       "    <tr>\n",
       "      <th>diesel</th>\n",
       "      <td>-0.196735</td>\n",
       "      <td>-0.101546</td>\n",
       "      <td>0.307237</td>\n",
       "      <td>0.211187</td>\n",
       "      <td>0.244356</td>\n",
       "      <td>0.281578</td>\n",
       "      <td>0.221046</td>\n",
       "      <td>0.070779</td>\n",
       "      <td>0.054458</td>\n",
       "      <td>0.241303</td>\n",
       "      <td>0.985231</td>\n",
       "      <td>-0.169053</td>\n",
       "      <td>-0.475812</td>\n",
       "      <td>0.265676</td>\n",
       "      <td>0.198690</td>\n",
       "      <td>0.110326</td>\n",
       "      <td>-0.241282</td>\n",
       "      <td>1.000000</td>\n",
       "      <td>-1.000000</td>\n",
       "    </tr>\n",
       "    <tr>\n",
       "      <th>gas</th>\n",
       "      <td>0.196735</td>\n",
       "      <td>0.101546</td>\n",
       "      <td>-0.307237</td>\n",
       "      <td>-0.211187</td>\n",
       "      <td>-0.244356</td>\n",
       "      <td>-0.281578</td>\n",
       "      <td>-0.221046</td>\n",
       "      <td>-0.070779</td>\n",
       "      <td>-0.054458</td>\n",
       "      <td>-0.241303</td>\n",
       "      <td>-0.985231</td>\n",
       "      <td>0.169053</td>\n",
       "      <td>0.475812</td>\n",
       "      <td>-0.265676</td>\n",
       "      <td>-0.198690</td>\n",
       "      <td>-0.110326</td>\n",
       "      <td>0.241282</td>\n",
       "      <td>-1.000000</td>\n",
       "      <td>1.000000</td>\n",
       "    </tr>\n",
       "  </tbody>\n",
       "</table>\n",
       "</div>"
      ],
      "text/plain": [
       "                   symboling  normalized-losses  wheel-base    length  \\\n",
       "symboling           1.000000           0.466264   -0.535987 -0.365404   \n",
       "normalized-losses   0.466264           1.000000   -0.056661  0.019424   \n",
       "wheel-base         -0.535987          -0.056661    1.000000  0.876024   \n",
       "length             -0.365404           0.019424    0.876024  1.000000   \n",
       "width              -0.242423           0.086802    0.814507  0.857170   \n",
       "height             -0.550160          -0.373737    0.590742  0.492063   \n",
       "curb-weight        -0.233118           0.099404    0.782097  0.880665   \n",
       "engine-size        -0.110581           0.112360    0.572027  0.685025   \n",
       "bore               -0.140019          -0.029862    0.493244  0.608971   \n",
       "stroke             -0.008245           0.055563    0.158502  0.124139   \n",
       "compression-ratio  -0.182196          -0.114713    0.250313  0.159733   \n",
       "horsepower          0.075819           0.217299    0.371147  0.579821   \n",
       "peak-rpm            0.279740           0.239543   -0.360305 -0.285970   \n",
       "city-mpg           -0.035527          -0.225016   -0.470606 -0.665192   \n",
       "highway-mpg         0.036233          -0.181877   -0.543304 -0.698142   \n",
       "price              -0.082391           0.133999    0.584642  0.690628   \n",
       "city-L/100km        0.066171           0.238567    0.476153  0.657373   \n",
       "diesel             -0.196735          -0.101546    0.307237  0.211187   \n",
       "gas                 0.196735           0.101546   -0.307237 -0.211187   \n",
       "\n",
       "                      width    height  curb-weight  engine-size      bore  \\\n",
       "symboling         -0.242423 -0.550160    -0.233118    -0.110581 -0.140019   \n",
       "normalized-losses  0.086802 -0.373737     0.099404     0.112360 -0.029862   \n",
       "wheel-base         0.814507  0.590742     0.782097     0.572027  0.493244   \n",
       "length             0.857170  0.492063     0.880665     0.685025  0.608971   \n",
       "width              1.000000  0.306002     0.866201     0.729436  0.544885   \n",
       "height             0.306002  1.000000     0.307581     0.074694  0.180449   \n",
       "curb-weight        0.866201  0.307581     1.000000     0.849072  0.644060   \n",
       "engine-size        0.729436  0.074694     0.849072     1.000000  0.572609   \n",
       "bore               0.544885  0.180449     0.644060     0.572609  1.000000   \n",
       "stroke             0.188829 -0.062704     0.167562     0.209523 -0.055390   \n",
       "compression-ratio  0.189867  0.259737     0.156433     0.028889  0.001263   \n",
       "horsepower         0.615077 -0.087027     0.757976     0.822676  0.566936   \n",
       "peak-rpm          -0.245800 -0.309974    -0.279361    -0.256733 -0.267392   \n",
       "city-mpg          -0.633531 -0.049800    -0.749543    -0.650546 -0.582027   \n",
       "highway-mpg       -0.680635 -0.104812    -0.794889    -0.679571 -0.591309   \n",
       "price              0.751265  0.135486     0.834415     0.872335  0.543155   \n",
       "city-L/100km       0.673363  0.003811     0.785353     0.745059  0.554610   \n",
       "diesel             0.244356  0.281578     0.221046     0.070779  0.054458   \n",
       "gas               -0.244356 -0.281578    -0.221046    -0.070779 -0.054458   \n",
       "\n",
       "                     stroke  compression-ratio  horsepower  peak-rpm  \\\n",
       "symboling         -0.008245          -0.182196    0.075819  0.279740   \n",
       "normalized-losses  0.055563          -0.114713    0.217299  0.239543   \n",
       "wheel-base         0.158502           0.250313    0.371147 -0.360305   \n",
       "length             0.124139           0.159733    0.579821 -0.285970   \n",
       "width              0.188829           0.189867    0.615077 -0.245800   \n",
       "height            -0.062704           0.259737   -0.087027 -0.309974   \n",
       "curb-weight        0.167562           0.156433    0.757976 -0.279361   \n",
       "engine-size        0.209523           0.028889    0.822676 -0.256733   \n",
       "bore              -0.055390           0.001263    0.566936 -0.267392   \n",
       "stroke             1.000000           0.187923    0.098462 -0.065713   \n",
       "compression-ratio  0.187923           1.000000   -0.214514 -0.435780   \n",
       "horsepower         0.098462          -0.214514    1.000000  0.107885   \n",
       "peak-rpm          -0.065713          -0.435780    0.107885  1.000000   \n",
       "city-mpg          -0.034696           0.331425   -0.822214 -0.115413   \n",
       "highway-mpg       -0.035201           0.268465   -0.804575 -0.058598   \n",
       "price              0.082310           0.071107    0.809575 -0.101616   \n",
       "city-L/100km       0.037300          -0.299372    0.889488  0.115830   \n",
       "diesel             0.241303           0.985231   -0.169053 -0.475812   \n",
       "gas               -0.241303          -0.985231    0.169053  0.475812   \n",
       "\n",
       "                   city-mpg  highway-mpg     price  city-L/100km    diesel  \\\n",
       "symboling         -0.035527     0.036233 -0.082391      0.066171 -0.196735   \n",
       "normalized-losses -0.225016    -0.181877  0.133999      0.238567 -0.101546   \n",
       "wheel-base        -0.470606    -0.543304  0.584642      0.476153  0.307237   \n",
       "length            -0.665192    -0.698142  0.690628      0.657373  0.211187   \n",
       "width             -0.633531    -0.680635  0.751265      0.673363  0.244356   \n",
       "height            -0.049800    -0.104812  0.135486      0.003811  0.281578   \n",
       "curb-weight       -0.749543    -0.794889  0.834415      0.785353  0.221046   \n",
       "engine-size       -0.650546    -0.679571  0.872335      0.745059  0.070779   \n",
       "bore              -0.582027    -0.591309  0.543155      0.554610  0.054458   \n",
       "stroke            -0.034696    -0.035201  0.082310      0.037300  0.241303   \n",
       "compression-ratio  0.331425     0.268465  0.071107     -0.299372  0.985231   \n",
       "horsepower        -0.822214    -0.804575  0.809575      0.889488 -0.169053   \n",
       "peak-rpm          -0.115413    -0.058598 -0.101616      0.115830 -0.475812   \n",
       "city-mpg           1.000000     0.972044 -0.686571     -0.949713  0.265676   \n",
       "highway-mpg        0.972044     1.000000 -0.704692     -0.930028  0.198690   \n",
       "price             -0.686571    -0.704692  1.000000      0.789898  0.110326   \n",
       "city-L/100km      -0.949713    -0.930028  0.789898      1.000000 -0.241282   \n",
       "diesel             0.265676     0.198690  0.110326     -0.241282  1.000000   \n",
       "gas               -0.265676    -0.198690 -0.110326      0.241282 -1.000000   \n",
       "\n",
       "                        gas  \n",
       "symboling          0.196735  \n",
       "normalized-losses  0.101546  \n",
       "wheel-base        -0.307237  \n",
       "length            -0.211187  \n",
       "width             -0.244356  \n",
       "height            -0.281578  \n",
       "curb-weight       -0.221046  \n",
       "engine-size       -0.070779  \n",
       "bore              -0.054458  \n",
       "stroke            -0.241303  \n",
       "compression-ratio -0.985231  \n",
       "horsepower         0.169053  \n",
       "peak-rpm           0.475812  \n",
       "city-mpg          -0.265676  \n",
       "highway-mpg       -0.198690  \n",
       "price             -0.110326  \n",
       "city-L/100km       0.241282  \n",
       "diesel            -1.000000  \n",
       "gas                1.000000  "
      ]
     },
     "execution_count": 99,
     "metadata": {},
     "output_type": "execute_result"
    }
   ],
   "source": [
    "df.corr(numeric_only=True) "
   ]
  },
  {
   "cell_type": "code",
   "execution_count": 102,
   "id": "1e3118a3-eddd-46bc-bf3c-97e8623f8f77",
   "metadata": {},
   "outputs": [
    {
     "name": "stdout",
     "output_type": "stream",
     "text": [
      "Collecting scipy\n",
      "  Obtaining dependency information for scipy from https://files.pythonhosted.org/packages/c8/53/35b4d41f5fd42f5781dbd0dd6c05d35ba8aa75c84ecddc7d44756cd8da2e/scipy-1.14.1-cp312-cp312-macosx_12_0_arm64.whl.metadata\n",
      "  Downloading scipy-1.14.1-cp312-cp312-macosx_12_0_arm64.whl.metadata (60 kB)\n",
      "\u001b[2K     \u001b[90m━━━━━━━━━━━━━━━━━━━━━━━━━━━━━━━━━━━━━━━━\u001b[0m \u001b[32m60.8/60.8 kB\u001b[0m \u001b[31m1.3 MB/s\u001b[0m eta \u001b[36m0:00:00\u001b[0ma \u001b[36m0:00:01\u001b[0m\n",
      "\u001b[?25hRequirement already satisfied: numpy<2.3,>=1.23.5 in /Library/Frameworks/Python.framework/Versions/3.12/lib/python3.12/site-packages (from scipy) (1.26.4)\n",
      "Downloading scipy-1.14.1-cp312-cp312-macosx_12_0_arm64.whl (29.9 MB)\n",
      "\u001b[2K   \u001b[90m━━━━━━━━━━━━━━━━━━━━━━━━━━━━━━━━━━━━━━━━\u001b[0m \u001b[32m29.9/29.9 MB\u001b[0m \u001b[31m8.6 MB/s\u001b[0m eta \u001b[36m0:00:00\u001b[0m00:01\u001b[0m00:01\u001b[0m\n",
      "\u001b[?25hInstalling collected packages: scipy\n",
      "Successfully installed scipy-1.14.1\n",
      "\n",
      "\u001b[1m[\u001b[0m\u001b[34;49mnotice\u001b[0m\u001b[1;39;49m]\u001b[0m\u001b[39;49m A new release of pip is available: \u001b[0m\u001b[31;49m23.2.1\u001b[0m\u001b[39;49m -> \u001b[0m\u001b[32;49m24.3.1\u001b[0m\n",
      "\u001b[1m[\u001b[0m\u001b[34;49mnotice\u001b[0m\u001b[1;39;49m]\u001b[0m\u001b[39;49m To update, run: \u001b[0m\u001b[32;49mpip3 install --upgrade pip\u001b[0m\n",
      "Note: you may need to restart the kernel to use updated packages.\n"
     ]
    }
   ],
   "source": [
    "pip install scipy"
   ]
  },
  {
   "cell_type": "code",
   "execution_count": 103,
   "id": "ff526330-eb68-494b-b51c-f96c3256944d",
   "metadata": {},
   "outputs": [],
   "source": [
    "from scipy import stats"
   ]
  },
  {
   "cell_type": "code",
   "execution_count": 106,
   "id": "9a4aac9d-c055-47ca-a437-c1f41e89f19d",
   "metadata": {},
   "outputs": [
    {
     "name": "stdout",
     "output_type": "stream",
     "text": [
      "The Pearson Correlation Coefficient is 0.5846418222655081  with a P-value of P = 8.076488270732887e-20\n"
     ]
    }
   ],
   "source": [
    "pearson_coef,p_value = stats.pearsonr(df['wheel-base'], df['price'])\n",
    "print(\"The Pearson Correlation Coefficient is\", pearson_coef, \" with a P-value of P =\", p_value)  "
   ]
  },
  {
   "cell_type": "code",
   "execution_count": 107,
   "id": "ca0df72a-5a2d-40c7-b970-2e64ee523d83",
   "metadata": {},
   "outputs": [
    {
     "name": "stdout",
     "output_type": "stream",
     "text": [
      "The Pearson Correlation Coefficient is 0.809574567003656  with a P-value of P =  6.36905742825956e-48\n"
     ]
    }
   ],
   "source": [
    "pearson_coef, p_value = stats.pearsonr(df['horsepower'], df['price'])\n",
    "print(\"The Pearson Correlation Coefficient is\", pearson_coef, \" with a P-value of P = \", p_value)  "
   ]
  },
  {
   "cell_type": "code",
   "execution_count": 108,
   "id": "b41f730e-84aa-4b76-8504-def249f36733",
   "metadata": {},
   "outputs": [
    {
     "name": "stdout",
     "output_type": "stream",
     "text": [
      "The Pearson Correlation Coefficient is 0.690628380448364  with a P-value of P =  8.016477466158871e-30\n"
     ]
    }
   ],
   "source": [
    "pearson_coef, p_value = stats.pearsonr(df['length'], df['price'])\n",
    "print(\"The Pearson Correlation Coefficient is\", pearson_coef, \" with a P-value of P = \", p_value)  "
   ]
  },
  {
   "cell_type": "code",
   "execution_count": 109,
   "id": "4da430d4-6a72-4a1b-aef7-b77e794ff2c1",
   "metadata": {},
   "outputs": [
    {
     "name": "stdout",
     "output_type": "stream",
     "text": [
      "The Pearson Correlation Coefficient is 0.7512653440522674  with a P-value of P = 9.200335510481442e-38\n"
     ]
    }
   ],
   "source": [
    "pearson_coef, p_value = stats.pearsonr(df['width'], df['price'])\n",
    "print(\"The Pearson Correlation Coefficient is\", pearson_coef, \" with a P-value of P =\", p_value ) "
   ]
  },
  {
   "cell_type": "code",
   "execution_count": 110,
   "id": "2c52628c-c0a3-4c55-94bc-21445458092a",
   "metadata": {},
   "outputs": [
    {
     "name": "stdout",
     "output_type": "stream",
     "text": [
      "The Pearson Correlation Coefficient is 0.8344145257702845  with a P-value of P =  2.189577238893965e-53\n"
     ]
    }
   ],
   "source": [
    "pearson_coef, p_value = stats.pearsonr(df['curb-weight'], df['price'])\n",
    "print( \"The Pearson Correlation Coefficient is\", pearson_coef, \" with a P-value of P = \", p_value)  "
   ]
  },
  {
   "cell_type": "code",
   "execution_count": 111,
   "id": "2a47218a-572f-4b56-a0aa-69d37b845aa8",
   "metadata": {},
   "outputs": [
    {
     "name": "stdout",
     "output_type": "stream",
     "text": [
      "The Pearson Correlation Coefficient is 0.8723351674455185  with a P-value of P = 9.265491622198793e-64\n"
     ]
    }
   ],
   "source": [
    "pearson_coef, p_value = stats.pearsonr(df['engine-size'], df['price'])\n",
    "print(\"The Pearson Correlation Coefficient is\", pearson_coef, \" with a P-value of P =\", p_value) "
   ]
  },
  {
   "cell_type": "code",
   "execution_count": 112,
   "id": "098f77b6-3dad-4aca-9213-26f6ae147309",
   "metadata": {},
   "outputs": [
    {
     "name": "stdout",
     "output_type": "stream",
     "text": [
      "The Pearson Correlation Coefficient is 0.5431553832626603  with a P-value of P =   8.049189483935319e-17\n"
     ]
    }
   ],
   "source": [
    "pearson_coef, p_value = stats.pearsonr(df['bore'], df['price'])\n",
    "print(\"The Pearson Correlation Coefficient is\", pearson_coef, \" with a P-value of P =  \", p_value ) "
   ]
  },
  {
   "cell_type": "code",
   "execution_count": 113,
   "id": "550b5ba1-edb6-4505-85f1-8880d2905ff1",
   "metadata": {},
   "outputs": [
    {
     "name": "stdout",
     "output_type": "stream",
     "text": [
      "The Pearson Correlation Coefficient is -0.6865710067844679  with a P-value of P =  2.3211320655675118e-29\n"
     ]
    }
   ],
   "source": [
    "pearson_coef, p_value = stats.pearsonr(df['city-mpg'], df['price'])\n",
    "print(\"The Pearson Correlation Coefficient is\", pearson_coef, \" with a P-value of P = \", p_value)  "
   ]
  },
  {
   "cell_type": "code",
   "execution_count": 114,
   "id": "1be659b9-e2b0-4df6-a96e-e7a258d1c0f3",
   "metadata": {},
   "outputs": [
    {
     "name": "stdout",
     "output_type": "stream",
     "text": [
      "The Pearson Correlation Coefficient is -0.7046922650589529  with a P-value of P =  1.7495471144476463e-31\n"
     ]
    }
   ],
   "source": [
    "pearson_coef, p_value = stats.pearsonr(df['highway-mpg'], df['price'])\n",
    "print( \"The Pearson Correlation Coefficient is\", pearson_coef, \" with a P-value of P = \", p_value ) "
   ]
  },
  {
   "cell_type": "code",
   "execution_count": null,
   "id": "5b766261-bfef-4223-89d9-3769f85ab41a",
   "metadata": {},
   "outputs": [],
   "source": []
  }
 ],
 "metadata": {
  "kernelspec": {
   "display_name": "Python 3 (ipykernel)",
   "language": "python",
   "name": "python3"
  },
  "language_info": {
   "codemirror_mode": {
    "name": "ipython",
    "version": 3
   },
   "file_extension": ".py",
   "mimetype": "text/x-python",
   "name": "python",
   "nbconvert_exporter": "python",
   "pygments_lexer": "ipython3",
   "version": "3.12.1"
  }
 },
 "nbformat": 4,
